Filter,,,,,,,,,,,,,,,,,,,,,,,,,,,,,,,,,,,,,,
,,,,,,,,,,,,,,,,,,,,,,,,,,,,,,,,,,,,,,
Sum - count,c2,,,,,,,,,,,,,,,,,,,,,,,,,,,,,,,,,,,,,
c1, ,a,à,â,b,c,d,e,é,è,ê,ë,f,g,h,i,î,ï,j,k,l,m,n,o,ô,p,q,r,s,t,u,û,v,w,x,y,z,Total Result
 ,35474,256273,96294,1067,63492,377546,759408,302942,58880,115,7557,,121415,53071,25898,100869,228,,50898,4528,581768,191004,122990,75121,150,423493,138432,151065,316532,135892,91087,,79105,2635,1803,7826,2150,4637008
a,247230,517,1,2,36968,63951,25004,1126,846,11,,359,10337,42952,1715,229800,5993,1001,3126,1342,108689,36743,269246,1202,15,41646,5303,171663,72698,172259,152551,,54354,293,2398,10454,1647,1773442
à,104731,,,,1,1,3,,,,,,1,,,,,,1,,6,,,,,5,,2,,,3,,,,,,2,104756
â,6,1,,,68,2112,1,,,,,,,896,,39,,,1,1,453,783,355,,,49,35,15,24,2302,,,1,1,,8,,7151
b,1146,23487,,579,799,101,272,15666,4677,119,402,,20,16,48,25915,69,,9558,10,54670,103,86,22997,,49,1,29922,6221,1602,10265,72,509,29,1,498,14,209923
c,26376,61760,2,63,48,17029,398,190642,10656,3497,75,,1566,273,90341,81679,,,7,2280,23361,194,1150,217725,1844,537,2607,31111,3570,75334,33889,1,30,3,7,1206,33,879294
d,22958,76104,3,23,60,119,604,469997,67368,4125,,1,811,1465,922,92761,227,,643,23,145,3354,283,45924,50,30,6,30439,7973,308,87731,592,457,108,15,1150,98,916877
e,1227889,22306,3,17,1399,66058,5598,3838,19,,,1,14940,6861,988,22405,2,208,1021,477,124794,127270,457775,2951,12,23793,1545,236803,626541,184909,147117,420,19215,732,35767,1464,8549,3373687
é,90190,10896,2,565,4613,48527,17333,64736,970,3,,,12693,25920,1221,1246,,7,3736,46,19423,17979,18391,7434,,24217,5933,55756,56294,58056,2079,,21713,,7,1,73,570060
è,33,,,,413,4892,1189,2,,,,,17,4769,,,,,,,2825,9766,4093,,,13,455,30603,18799,3563,,,3049,,,,31,84512
ê,12,,,,,1596,,,,,,,,,,,,,,21,532,12209,320,,,45,156,,3,20323,,,539,,,,,35756
ë,69,,,,,65,,,,,,,8,,,,,,,,444,6,22,,,3,,17,52,85,,,2,,,,,773
f,8630,46559,1,198,20,75,119,24173,9997,740,278,,30601,56,,51721,22,,8,10,7889,118,926,47317,1,80,2,23029,5105,197,8896,307,3,3,,14,1,267096
g,3633,30194,1,222,130,63,180,57563,15610,2478,248,,23,845,795,33085,30,,4,38,9584,2253,21296,10880,1,118,,34505,509,2598,19891,,215,28,1,373,11,247405
h,3183,36356,,486,12,63,49,47605,17762,4906,69,,50,20,24,18830,3,,4,39,569,733,4397,23952,1339,5,,3110,195,632,7074,2,10,109,2,5051,82,176723
i,98400,35250,1,22,19653,69843,33716,163386,14972,23320,18,1,34440,29611,256,2253,,,274,510,131356,44364,198875,206298,13,13364,67923,114854,237805,240230,1067,,48332,34,9131,63,1460,1841095
î,5,,,,,200,1,,,,,,,,,,,,,,421,94,1592,,,,,,2,5211,,,1,,,,,7527
ï,84,17,,,49,87,253,193,2,3,,,45,5,,,,,,44,57,26,122,5,,3,195,23,310,354,,,69,32,,,1,1979
j,55,7154,2685,1,8,17,15,32839,307,1,,,7,3,5,172,1,,3,37,9,13,34,20319,5,8,,22,45,7,15809,,,1,,4,1,79587
k,1662,1735,,,47,6,5,2188,125,5,,,13,112,430,2376,,,16,61,298,446,113,1447,12,7,,605,424,66,223,,6,152,6,259,5,12850
l,90254,257600,4655,379,905,1398,1383,449704,22662,7407,77,,781,2578,598,124263,18,,33,293,110016,1794,247,62486,374,862,4504,74,21586,13449,60160,44,692,35,58,4795,139,1246303
m,7586,108064,,343,30145,354,158,223230,22839,4043,11607,,44,156,41,84459,15,,17,34,147,79752,1609,58976,47,52426,9,161,1063,423,24525,83,12,46,4,879,7,713304
n,346149,79684,,39,283,99082,86982,186323,38676,964,444,,19606,25243,1106,75509,15,,1663,493,751,750,61625,68598,97,274,6266,3064,204870,410736,16936,11,16712,62,84,854,956,1754907
o,6819,1033,,2,25239,40809,19847,5645,322,179,36,301,9353,22908,1579,98116,612,645,3781,647,51767,118269,478889,3513,,40778,3791,129728,42989,29609,227131,2317,6481,875,1634,11904,484,1388032
ô,28,,,,,,32,,,,,,,1,,2,,,,2,4243,1001,414,,,192,,5,13,5410,1,,24,,,,,11368
p,5842,151278,,460,28,1020,117,80067,27716,3242,1621,,373,74,14560,19527,4,,55,40,64180,262,201,135022,750,33166,11,137161,9302,17772,27216,64,64,3,,267,18,731483
q,1263,11,,2,1,,,12,,,,,,7,2,7,,,,,2,,4,7,,3,19,9,7,,255697,21,1,,,,,257075
r,247099,182963,,1211,5194,29449,31497,377139,97724,18444,6680,2,3614,20557,1566,139749,18,,114,1064,7933,38698,24607,126584,4277,5586,4582,28364,80394,83718,18433,435,12813,1854,236,2132,270,1605000
s,881707,84469,1,36,539,24092,285,188744,28799,1071,3,,3085,173,1477,126720,1,,58,832,2551,11638,1558,102515,1,32105,11673,533,107987,151005,72671,858,130,140,1,8140,56,1845654
t,533534,128234,16,632,221,1966,89,240018,98520,7775,1527,,153,322,19395,299633,6,,38,308,458,501,152,66879,2274,287,9,157790,57536,43084,49774,1,376,108,9,3543,555,1715723
u,141139,21597,1,38,17210,24879,17773,196806,8933,685,1170,139,4659,8139,1065,103850,29,169,6261,270,46453,16683,148636,3361,,18762,902,239105,101346,109496,40,,42746,54,56370,1471,887,1341124
û,492,,,,5,72,,3,,,,,,,,,,,,4,414,115,17,,,,,949,9,3138,,,,,,,,5218
v,884,51883,1,18,27,7,55,115162,11231,1043,680,,5,26,13,60133,39,,,6,80,16,7,44305,97,15,3,18709,77,9,5877,,12,1,1,109,8,310539
w,440,1526,,,3,12,4,1208,23,1,,,17,7,251,2622,,,,18,71,12,82,519,,1,,36,178,129,47,,9,19,,48,,7283
x,52378,3600,,,,3007,11,8320,1513,20,,,25,,175,9708,,,,,44,10,2,459,,11165,625,3,11,5556,275,,367,58,390,417,,98139
y,13302,6845,,18,127,1626,827,7909,1552,91,,,109,426,5,119,,,5,41,1300,2381,2871,2137,2,4318,10,966,14573,1057,44,9,388,45,40,10,37,63190
z,7229,1419,,,49,16,14,2052,353,43,,,17,33,49,860,,,,21,49,22,80,2447,,11,9,4,85,11,155,,10,26,,157,195,15416
Total Result,4207911,1688815,103667,6423,207756,880140,1003222,3459238,563054,84331,32492,804,268828,247525,164525,1808428,7332,2030,81325,13540,1357752,719362,1823067,1361380,11361,727416,255006,1630205,1995128,1778530,1336664,5237,308447,7486,107965,63097,17770,28337259
